{
  "advancedEditorSelectedIdentifier" : "ShaderGraphEditorPluginID",
  "openSceneRelativePaths" : [
    "Immersive.usda",
    "Scene.usda"
  ],
  "recentIdentifiers" : {
    "D66134B1-3681-4A8E-AFE5-29F257229F3B" : [

    ]
  },
  "sceneCameraHistory" : {
    "AAEC1C24-0C2F-4336-90E3-0291D6C3AFE7" : [
      {
        "date" : 734772668.999207,
        "title" : "Untitled",
        "transform" : [
          0.99999994,
          0,
          -0,
          0,
          -0,
          0.8660254,
          -0.49999988,
          0,
          0,
          0.49999988,
          0.8660254,
          0,
          0,
          0.1924499,
          0.33333302,
          1
        ]
      }
    ],
    "AF09ED6F-1707-48FD-8720-65B998362C09" : [
      {
        "date" : 734762893.208647,
        "title" : "Untitled",
        "transform" : [
          0.99999994,
          0,
          -0,
          0,
          -0,
          0.8660248,
          -0.50000113,
          0,
          0,
          0.50000113,
          0.8660248,
          0,
          0,
          3.357714,
          3.698392,
          1
        ]
      }
    ],
    "D66134B1-3681-4A8E-AFE5-29F257229F3B" : [
      {
        "date" : 734774449.202219,
        "title" : "Untitled",
        "transform" : [
          0.9905991,
          4.3831543e-09,
          -0.13679712,
          0,
          -0.13348415,
          0.21874543,
          -0.96660876,
          0,
          0.02992373,
          0.97578204,
          0.21668898,
          0,
          0.010135457,
          0.7624613,
          -0.2308966,
          1
        ]
      },
      {
        "date" : 734774269.270928,
        "title" : "Untitled",
        "transform" : [
          0.9905991,
          4.3831543e-09,
          -0.13679712,
          0,
          -0.13348415,
          0.21874543,
          -0.96660876,
          0,
          0.02992373,
          0.97578204,
          0.21668898,
          0,
          0.17834793,
          0.74385035,
          -0.17031826,
          1
        ]
      },
      {
        "date" : 734774263.829247,
        "title" : "Untitled",
        "transform" : [
          0.99059904,
          3.064748e-09,
          -0.1367971,
          0,
          -0.13348413,
          0.21874546,
          -0.96660876,
          0,
          0.029923744,
          0.975782,
          0.21668899,
          0,
          0.13728514,
          0.76055485,
          -0.036138654,
          1
        ]
      },
      {
        "date" : 734774262.298175,
        "title" : "Untitled",
        "transform" : [
          0.99059904,
          3.064748e-09,
          -0.1367971,
          0,
          -0.13348413,
          0.21874546,
          -0.96660876,
          0,
          0.029923744,
          0.975782,
          0.21668899,
          0,
          0.08048338,
          0.8011916,
          -0.2112868,
          1
        ]
      },
      {
        "date" : 734774146.739516,
        "title" : "Untitled",
        "transform" : [
          0.99059904,
          3.064748e-09,
          -0.1367971,
          0,
          -0.13348413,
          0.21874546,
          -0.96660876,
          0,
          0.029923744,
          0.975782,
          0.21668899,
          0,
          0.21983667,
          0.5643068,
          0.029844373,
          1
        ]
      },
      {
        "date" : 734772650.420471,
        "title" : "Untitled",
        "transform" : [
          0.99059904,
          3.064748e-09,
          -0.1367971,
          0,
          -0.13348413,
          0.21874546,
          -0.96660876,
          0,
          0.029923744,
          0.975782,
          0.21668899,
          0,
          0.06577112,
          0.6141708,
          -0.17342433,
          1
        ]
      },
      {
        "date" : 734772648.228751,
        "title" : "Untitled",
        "transform" : [
          0.99059904,
          3.064748e-09,
          -0.1367971,
          0,
          -0.13348413,
          0.21874546,
          -0.96660876,
          0,
          0.029923744,
          0.975782,
          0.21668899,
          0,
          0.13994266,
          0.6532173,
          -0.35949954,
          1
        ]
      },
      {
        "date" : 734772031.079935,
        "title" : "Untitled",
        "transform" : [
          0.99059904,
          3.064748e-09,
          -0.1367971,
          0,
          -0.13348413,
          0.21874546,
          -0.96660876,
          0,
          0.029923744,
          0.975782,
          0.21668899,
          0,
          0.101178944,
          0.5990369,
          -0.110164195,
          1
        ]
      },
      {
        "date" : 734772002.093619,
        "title" : "Untitled",
        "transform" : [
          0.99059904,
          3.064748e-09,
          -0.1367971,
          0,
          -0.13348413,
          0.21874546,
          -0.96660876,
          0,
          0.029923744,
          0.975782,
          0.21668899,
          0,
          0.09419858,
          0.62444067,
          -0.22359726,
          1
        ]
      },
      {
        "date" : 734763111.001698,
        "title" : "Untitled",
        "transform" : [
          0.99059904,
          3.064748e-09,
          -0.1367971,
          0,
          -0.13348413,
          0.21874546,
          -0.96660876,
          0,
          0.029923744,
          0.975782,
          0.21668899,
          0,
          0.10906193,
          1.1529585,
          0.033540785,
          1
        ]
      }
    ]
  },
  "selectedSceneRelativePath" : "Scene.usda"
}